   1.7068840e+01   4.8055360e+01
   1.7088130e+01   4.8065200e+01
   1.7072510e+01   4.8070820e+01
   1.7080370e+01   4.8078880e+01
   1.7093950e+01   4.8091510e+01
   1.7088330e+01   4.8096300e+01
   1.7093070e+01   4.8099630e+01
   1.7078330e+01   4.8105900e+01
   1.7079580e+01   4.8107440e+01
   1.7073430e+01   4.8110170e+01
   1.7078000e+01   4.8115170e+01
   1.7071120e+01   4.8115180e+01
   1.7062960e+01   4.8123290e+01
   1.7070190e+01   4.8124040e+01
   1.7066490e+01   4.8129560e+01
   1.7061040e+01   4.8135330e+01
   1.7057660e+01   4.8143180e+01
   1.7041380e+01   4.8140190e+01
   1.7029510e+01   4.8140710e+01
   1.7009470e+01   4.8153370e+01
   1.6977190e+01   4.8179340e+01
   1.6975890e+01   4.8188130e+01
   1.6961640e+01   4.8220660e+01
   1.6946190e+01   4.8236490e+01
   1.6950080e+01   4.8253640e+01
   1.6957250e+01   4.8263630e+01
   1.6944490e+01   4.8271300e+01
   1.6932890e+01   4.8270830e+01
   1.6914780e+01   4.8280700e+01
   1.6908480e+01   4.8288170e+01
   1.6899090e+01   4.8302650e+01
   1.6889000e+01   4.8304370e+01
   1.6905270e+01   4.8318990e+01
   1.6909020e+01   4.8325770e+01
   1.6882460e+01   4.8335380e+01
   1.6873850e+01   4.8336860e+01
   1.6873400e+01   4.8348030e+01
   1.6859470e+01   4.8349060e+01
   1.6849800e+01   4.8348070e+01
   1.6843000e+01   4.8350850e+01
   1.6839140e+01   4.8373140e+01
   1.6831540e+01   4.8380720e+01
   1.6835830e+01   4.8384080e+01
   1.6843710e+01   4.8382050e+01
   1.6849240e+01   4.8383020e+01
   1.6848950e+01   4.8390010e+01
   1.6854310e+01   4.8394490e+01
   1.6857940e+01   4.8402590e+01
   1.6853010e+01   4.8408070e+01
   1.6848830e+01   4.8415220e+01
   1.6851200e+01   4.8416560e+01
   1.6859070e+01   4.8416100e+01
   1.6862700e+01   4.8420060e+01
   1.6856800e+01   4.8424460e+01
   1.6850570e+01   4.8435330e+01
   1.6849560e+01   4.8450090e+01
   1.6863370e+01   4.8465000e+01
   1.6871920e+01   4.8467120e+01
   1.6890210e+01   4.8482010e+01
   1.6895240e+01   4.8486680e+01
   1.6889860e+01   4.8492450e+01
   1.6898470e+01   4.8498030e+01
   1.6906080e+01   4.8498160e+01
   1.6912120e+01   4.8494100e+01
   1.6914150e+01   4.8499580e+01
   1.6912580e+01   4.8509490e+01
   1.6915520e+01   4.8512350e+01
   1.6922350e+01   4.8513340e+01
   1.6920480e+01   4.8519310e+01
   1.6931630e+01   4.8523150e+01
   1.6933140e+01   4.8520510e+01
   1.6943060e+01   4.8521360e+01
   1.6948040e+01   4.8547250e+01
   1.6942300e+01   4.8553010e+01
   1.6945020e+01   4.8558200e+01
   1.6935550e+01   4.8571020e+01
   1.6932570e+01   4.8579710e+01
   1.6939100e+01   4.8581860e+01
   1.6936030e+01   4.8594790e+01
   1.6934080e+01   4.8602070e+01
   1.6974630e+01   4.8647920e+01
   1.6967880e+01   4.8651920e+01
   1.6968980e+01   4.8658500e+01
   1.6966520e+01   4.8664920e+01
   1.6981260e+01   4.8684040e+01
   1.6981220e+01   4.8690530e+01
   1.7007820e+01   4.8697730e+01
   1.6998990e+01   4.8700670e+01
   1.7006260e+01   4.8711140e+01
   1.7003110e+01   4.8716640e+01
   1.7003070e+01   4.8724900e+01
   1.7009440e+01   4.8724250e+01
   1.7055570e+01   4.8773010e+01
   1.7062330e+01   4.8770530e+01
   1.7105300e+01   4.8821310e+01
   1.7108140e+01   4.8828980e+01
   1.7116800e+01   4.8840820e+01
   1.7126260e+01   4.8838680e+01
   1.7143890e+01   4.8837530e+01
   1.7151330e+01   4.8839770e+01
   1.7150330e+01   4.8841110e+01
   1.7156220e+01   4.8843440e+01
   1.7155990e+01   4.8846930e+01
   1.7162370e+01   4.8850080e+01
   1.7159130e+01   4.8851210e+01
   1.7165660e+01   4.8851410e+01
   1.7172220e+01   4.8857350e+01
   1.7178940e+01   4.8856030e+01
   1.7187440e+01   4.8869680e+01
   1.7194520e+01   4.8874520e+01
   1.7209160e+01   4.8873420e+01
   1.7221870e+01   4.8870160e+01
   1.7224840e+01   4.8870810e+01
   1.7233840e+01   4.8868060e+01
   1.7244870e+01   4.8868280e+01
   1.7250960e+01   4.8863230e+01
   1.7259890e+01   4.8859820e+01
   1.7277360e+01   4.8859950e+01
   1.7299450e+01   4.8849430e+01
   1.7304810e+01   4.8844470e+01
   1.7322140e+01   4.8845110e+01
   1.7324730e+01   4.8837230e+01
   1.7331900e+01   4.8831600e+01
   1.7346680e+01   4.8826440e+01
   1.7362860e+01   4.8813240e+01
   1.7377830e+01   4.8818950e+01
   1.7396600e+01   4.8813330e+01
   1.7403270e+01   4.8817920e+01
   1.7403890e+01   4.8820190e+01
   1.7419130e+01   4.8828850e+01
   1.7427690e+01   4.8826590e+01
   1.7435760e+01   4.8841050e+01
   1.7452210e+01   4.8846570e+01
   1.7480070e+01   4.8840920e+01
   1.7508000e+01   4.8818210e+01
   1.7519180e+01   4.8812640e+01
   1.7529420e+01   4.8812720e+01
   1.7538590e+01   4.8818920e+01
   1.7547110e+01   4.8816440e+01
   1.7561960e+01   4.8826230e+01
   1.7588690e+01   4.8825230e+01
   1.7595980e+01   4.8829170e+01
   1.7645640e+01   4.8854310e+01
   1.7655970e+01   4.8855560e+01
   1.7665440e+01   4.8854160e+01
   1.7691390e+01   4.8862090e+01
   1.7707500e+01   4.8862090e+01
   1.7714220e+01   4.8866880e+01
   1.7719280e+01   4.8873310e+01
   1.7734220e+01   4.8879610e+01
   1.7752020e+01   4.8899460e+01
   1.7769970e+01   4.8911610e+01
   1.7782490e+01   4.8916150e+01
   1.7781940e+01   4.8924880e+01
   1.7843270e+01   4.8926980e+01
   1.7853280e+01   4.8927570e+01
   1.7870820e+01   4.8922740e+01
   1.7877790e+01   4.8926120e+01
   1.7886910e+01   4.8927550e+01
   1.7886370e+01   4.8934840e+01
   1.7889830e+01   4.8944640e+01
   1.7901640e+01   4.8960160e+01
   1.7901090e+01   4.8972220e+01
   1.7904330e+01   4.8984620e+01
   1.7911500e+01   4.8990140e+01
   1.7914250e+01   4.8998130e+01
   1.7913180e+01   4.9008900e+01
   1.7923420e+01   4.9018340e+01
   1.7934770e+01   4.9022840e+01
   1.7946410e+01   4.9023280e+01
   1.7951780e+01   4.9024980e+01
   1.7979710e+01   4.9022980e+01
   1.7983140e+01   4.9025170e+01
   1.7992340e+01   4.9027090e+01
   1.7999190e+01   4.9025160e+01
   1.8023590e+01   4.9020710e+01
   1.8042660e+01   4.9027520e+01
   1.8068560e+01   4.9036330e+01
   1.8073650e+01   4.9041760e+01
   1.8081850e+01   4.9046640e+01
   1.8083460e+01   4.9052220e+01
   1.8095910e+01   4.9059460e+01
   1.8105640e+01   4.9081840e+01
   1.8114410e+01   4.9089060e+01
   1.8115570e+01   4.9093030e+01
   1.8110800e+01   4.9113200e+01
   1.8118130e+01   4.9125030e+01
   1.8109410e+01   4.9130550e+01
   1.8117790e+01   4.9144250e+01
   1.8117400e+01   4.9150990e+01
   1.8119090e+01   4.9152960e+01
   1.8129420e+01   4.9156160e+01
   1.8137190e+01   4.9161340e+01
   1.8130180e+01   4.9169020e+01
   1.8131490e+01   4.9189620e+01
   1.8140230e+01   4.9195870e+01
   1.8147620e+01   4.9215050e+01
   1.8155090e+01   4.9216500e+01
   1.8153250e+01   4.9220870e+01
   1.8156600e+01   4.9228870e+01
   1.8147980e+01   4.9237350e+01
   1.8146640e+01   4.9246300e+01
   1.8162730e+01   4.9260760e+01
   1.8184050e+01   4.9270080e+01
   1.8186180e+01   4.9281380e+01
   1.8184300e+01   4.9287680e+01
   1.8195890e+01   4.9289980e+01
   1.8202180e+01   4.9293430e+01
   1.8230070e+01   4.9294770e+01
   1.8248040e+01   4.9295430e+01
   1.8250490e+01   4.9296720e+01
   1.8263180e+01   4.9298450e+01
   1.8270810e+01   4.9302220e+01
   1.8279710e+01   4.9304120e+01
   1.8301880e+01   4.9309910e+01
   1.8320210e+01   4.9314030e+01
   1.8338330e+01   4.9318980e+01
   1.8350810e+01   4.9321150e+01
   1.8363300e+01   4.9323330e+01
   1.8378270e+01   4.9329200e+01
   1.8384740e+01   4.9336840e+01
   1.8391220e+01   4.9344490e+01
   1.8397050e+01   4.9348080e+01
   1.8404160e+01   4.9349450e+01
   1.8415290e+01   4.9369180e+01
   1.8411720e+01   4.9379850e+01
   1.8408150e+01   4.9390530e+01
   1.8403890e+01   4.9396640e+01
   1.8412370e+01   4.9399450e+01
   1.8424120e+01   4.9396260e+01
   1.8435860e+01   4.9393070e+01
   1.8449420e+01   4.9393710e+01
   1.8452420e+01   4.9400070e+01
   1.8464990e+01   4.9405340e+01
   1.8477570e+01   4.9410610e+01
   1.8477050e+01   4.9418460e+01
   1.8501420e+01   4.9436360e+01
   1.8504880e+01   4.9442380e+01
   1.8522160e+01   4.9448600e+01
   1.8524760e+01   4.9456410e+01
   1.8542860e+01   4.9477520e+01
   1.8536680e+01   4.9482040e+01
   1.8551970e+01   4.9503040e+01
   1.8560620e+01   4.9505430e+01
   1.8569270e+01   4.9507830e+01
   1.8577560e+01   4.9506180e+01
   1.8587040e+01   4.9508640e+01
   1.8596520e+01   4.9511110e+01
   1.8602850e+01   4.9498260e+01
   1.8617740e+01   4.9495110e+01
   1.8622220e+01   4.9496030e+01
   1.8630640e+01   4.9498290e+01
   1.8674170e+01   4.9507940e+01
   1.8682530e+01   4.9505980e+01
   1.8695220e+01   4.9499590e+01
   1.8711240e+01   4.9501860e+01
   1.8713900e+01   4.9500050e+01
   1.8720780e+01   4.9498990e+01
   1.8734100e+01   4.9490630e+01
   1.8744850e+01   4.9488240e+01
   1.8775300e+01   4.9502940e+01
   1.8785720e+01   4.9507500e+01
   1.8799270e+01   4.9509420e+01
   1.8808880e+01   4.9515770e+01
   1.8818300e+01   4.9516180e+01
   1.8838920e+01   4.9515050e+01
   1.8867430e+01   4.9519110e+01
   1.8874430e+01   4.9516310e+01
   1.8886740e+01   4.9516590e+01
   1.8895300e+01   4.9514690e+01
   1.8929950e+01   4.9520000e+01
   1.8945320e+01   4.9517970e+01
   1.8966570e+01   4.9494340e+01
   1.8963010e+01   4.9485030e+01
   1.8969740e+01   4.9476830e+01
   1.8964410e+01   4.9472570e+01
   1.8966020e+01   4.9469140e+01
   1.8960660e+01   4.9454920e+01
   1.8979540e+01   4.9395830e+01
   1.8989610e+01   4.9398390e+01
   1.9026140e+01   4.9394210e+01
   1.9035630e+01   4.9396010e+01
   1.9049270e+01   4.9408470e+01
   1.9053500e+01   4.9415330e+01
   1.9072750e+01   4.9418150e+01
   1.9090960e+01   4.9416120e+01
   1.9102960e+01   4.9409640e+01
   1.9107770e+01   4.9403250e+01
   1.9122420e+01   4.9402600e+01
   1.9130100e+01   4.9404700e+01
   1.9137500e+01   4.9409650e+01
   1.9144850e+01   4.9408040e+01
   1.9187270e+01   4.9409480e+01
   1.9193400e+01   4.9411980e+01
   1.9197080e+01   4.9413960e+01
   1.9190570e+01   4.9421200e+01
   1.9192840e+01   4.9425820e+01
   1.9185420e+01   4.9434140e+01
   1.9198220e+01   4.9447680e+01
   1.9208350e+01   4.9451310e+01
   1.9225320e+01   4.9454120e+01
   1.9228230e+01   4.9462540e+01
   1.9226710e+01   4.9466760e+01
   1.9219800e+01   4.9470200e+01
   1.9227940e+01   4.9491350e+01
   1.9236010e+01   4.9496100e+01
   1.9233570e+01   4.9510600e+01
   1.9261550e+01   4.9527440e+01
   1.9275950e+01   4.9532050e+01
   1.9282800e+01   4.9535190e+01
   1.9298890e+01   4.9533440e+01
   1.9312170e+01   4.9537260e+01
   1.9348510e+01   4.9536000e+01
   1.9363230e+01   4.9536190e+01
   1.9365660e+01   4.9537790e+01
   1.9368540e+01   4.9546470e+01
   1.9365970e+01   4.9553620e+01
   1.9373580e+01   4.9558570e+01
   1.9371170e+01   4.9567470e+01
   1.9377530e+01   4.9570500e+01
   1.9399260e+01   4.9574050e+01
   1.9408150e+01   4.9581440e+01
   1.9423550e+01   4.9595920e+01
   1.9431000e+01   4.9595440e+01
   1.9437710e+01   4.9596840e+01
   1.9444770e+01   4.9600300e+01
   1.9442230e+01   4.9606900e+01
   1.9447670e+01   4.9614050e+01
   1.9454450e+01   4.9610930e+01
   1.9461510e+01   4.9613460e+01
   1.9467270e+01   4.9613790e+01
   1.9475130e+01   4.9604370e+01
   1.9468630e+01   4.9596200e+01
   1.9481720e+01   4.9586380e+01
   1.9492410e+01   4.9584570e+01
   1.9498470e+01   4.9581420e+01
   1.9509380e+01   4.9581860e+01
   1.9519170e+01   4.9573510e+01
   1.9527750e+01   4.9560350e+01
   1.9529180e+01   4.9543140e+01
   1.9530220e+01   4.9535740e+01
   1.9535640e+01   4.9530140e+01
   1.9543080e+01   4.9517670e+01
   1.9549050e+01   4.9512420e+01
   1.9554700e+01   4.9500030e+01
   1.9554620e+01   4.9489690e+01
   1.9590690e+01   4.9458770e+01
   1.9597330e+01   4.9458730e+01
   1.9604970e+01   4.9454830e+01
   1.9612760e+01   4.9446920e+01
   1.9625140e+01   4.9449730e+01
   1.9641180e+01   4.9457390e+01
   1.9637490e+01   4.9447350e+01
   1.9638820e+01   4.9440080e+01
   1.9648780e+01   4.9434430e+01
   1.9640350e+01   4.9425530e+01
   1.9730550e+01   4.9392400e+01
   1.9745060e+01   4.9407220e+01
   1.9768360e+01   4.9412950e+01
   1.9791120e+01   4.9410640e+01
   1.9789510e+01   4.9401250e+01
   1.9792640e+01   4.9379430e+01
   1.9802210e+01   4.9360880e+01
   1.9802780e+01   4.9353310e+01
   1.9805060e+01   4.9321150e+01
   1.9795940e+01   4.9307320e+01
   1.9810550e+01   4.9295310e+01
   1.9821830e+01   4.9281030e+01
   1.9823080e+01   4.9276850e+01
   1.9806860e+01   4.9274550e+01
   1.9803070e+01   4.9271050e+01
   1.9792910e+01   4.9267920e+01
   1.9790910e+01   4.9254960e+01
   1.9785200e+01   4.9246380e+01
   1.9778540e+01   4.9245330e+01
   1.9773210e+01   4.9238650e+01
   1.9767690e+01   4.9223250e+01
   1.9758960e+01   4.9215860e+01
   1.9767790e+01   4.9206010e+01
   1.9779200e+01   4.9204790e+01
   1.9783350e+01   4.9199670e+01
   1.9795090e+01   4.9198350e+01
   1.9849500e+01   4.9196230e+01
   1.9866270e+01   4.9196490e+01
   1.9888390e+01   4.9209300e+01
   1.9902820e+01   4.9213210e+01
   1.9901810e+01   4.9214980e+01
   1.9905740e+01   4.9224400e+01
   1.9903390e+01   4.9231170e+01
   1.9911770e+01   4.9232360e+01
   1.9920950e+01   4.9236070e+01
   1.9932750e+01   4.9236610e+01
   1.9972410e+01   4.9230300e+01
   1.9981200e+01   4.9232070e+01
   1.9990350e+01   4.9226310e+01
   2.0009950e+01   4.9219450e+01
   2.0007770e+01   4.9212720e+01
   2.0013980e+01   4.9207480e+01
   2.0020190e+01   4.9202240e+01
   2.0040220e+01   4.9197340e+01
   2.0045510e+01   4.9191650e+01
   2.0052650e+01   4.9187810e+01
   2.0060630e+01   4.9186640e+01
   2.0075760e+01   4.9178500e+01
   2.0085600e+01   4.9191750e+01
   2.0087430e+01   4.9206230e+01
   2.0094830e+01   4.9216750e+01
   2.0101880e+01   4.9222680e+01
   2.0101420e+01   4.9251120e+01
   2.0124970e+01   4.9271000e+01
   2.0127910e+01   4.9285840e+01
   2.0131380e+01   4.9293850e+01
   2.0129630e+01   4.9296150e+01
   2.0135600e+01   4.9303760e+01
   2.0151700e+01   4.9314960e+01
   2.0158310e+01   4.9306660e+01
   2.0157420e+01   4.9302330e+01
   2.0174990e+01   4.9313540e+01
   2.0167080e+01   4.9323320e+01
   2.0174040e+01   4.9325100e+01
   2.0171070e+01   4.9327560e+01
   2.0184250e+01   4.9327770e+01
   2.0190130e+01   4.9332910e+01
   2.0193870e+01   4.9340240e+01
   2.0196560e+01   4.9341920e+01
   2.0204440e+01   4.9341330e+01
   2.0221560e+01   4.9351270e+01
   2.0233140e+01   4.9345910e+01
   2.0269170e+01   4.9345240e+01
   2.0272990e+01   4.9351110e+01
   2.0302040e+01   4.9348650e+01
   2.0308490e+01   4.9343380e+01
   2.0323750e+01   4.9351030e+01
   2.0324430e+01   4.9362870e+01
   2.0325560e+01   4.9365540e+01
   2.0325300e+01   4.9371910e+01
   2.0321900e+01   4.9378420e+01
   2.0331410e+01   4.9391870e+01
   2.0317260e+01   4.9389730e+01
   2.0320880e+01   4.9401100e+01
   2.0324190e+01   4.9403320e+01
   2.0333360e+01   4.9402300e+01
   2.0361410e+01   4.9398580e+01
   2.0367580e+01   4.9400380e+01
   2.0373490e+01   4.9408860e+01
   2.0379540e+01   4.9406160e+01
   2.0387500e+01   4.9390910e+01
   2.0407130e+01   4.9393710e+01
   2.0416980e+01   4.9406600e+01
   2.0427390e+01   4.9402950e+01
   2.0433810e+01   4.9418540e+01
   2.0445780e+01   4.9412600e+01
   2.0465030e+01   4.9416420e+01
   2.0472890e+01   4.9415430e+01
   2.0490450e+01   4.9406680e+01
   2.0506610e+01   4.9403110e+01
   2.0520100e+01   4.9393380e+01
   2.0534410e+01   4.9387950e+01
   2.0547410e+01   4.9385970e+01
   2.0557450e+01   4.9379380e+01
   2.0563070e+01   4.9380630e+01
   2.0575760e+01   4.9377250e+01
   2.0592890e+01   4.9384190e+01
   2.0600800e+01   4.9390350e+01
   2.0600930e+01   4.9396150e+01
   2.0605480e+01   4.9402340e+01
   2.0613240e+01   4.9402940e+01
   2.0611350e+01   4.9414250e+01
   2.0638100e+01   4.9408630e+01
   2.0642740e+01   4.9401770e+01
   2.0670840e+01   4.9408920e+01
   2.0684590e+01   4.9415070e+01
   2.0690020e+01   4.9419220e+01
   2.0698430e+01   4.9420460e+01
   2.0722280e+01   4.9419480e+01
   2.0728840e+01   4.9415610e+01
   2.0738190e+01   4.9417290e+01
   2.0744930e+01   4.9414040e+01
   2.0745880e+01   4.9411370e+01
   2.0742900e+01   4.9404190e+01
   2.0757450e+01   4.9397450e+01
   2.0750110e+01   4.9394790e+01
   2.0753560e+01   4.9387000e+01
   2.0761880e+01   4.9383920e+01
   2.0780100e+01   4.9375520e+01
   2.0786610e+01   4.9373840e+01
   2.0788290e+01   4.9372080e+01
   2.0783320e+01   4.9366710e+01
   2.0804880e+01   4.9361980e+01
   2.0811440e+01   4.9356710e+01
   2.0816710e+01   4.9343890e+01
   2.0826930e+01   4.9334160e+01
   2.0843020e+01   4.9339280e+01
   2.0849230e+01   4.9341420e+01
   2.0854400e+01   4.9347530e+01
   2.0861260e+01   4.9348590e+01
   2.0866350e+01   4.9347520e+01
   2.0878440e+01   4.9334600e+01
   2.0882650e+01   4.9332600e+01
   2.0879320e+01   4.9323620e+01
   2.0896870e+01   4.9324950e+01
   2.0904910e+01   4.9323080e+01
   2.0933510e+01   4.9297910e+01
   2.0960540e+01   4.9305970e+01
   2.0962140e+01   4.9308290e+01
   2.0969450e+01   4.9310100e+01
   2.0986180e+01   4.9307560e+01
   2.0992960e+01   4.9311660e+01
   2.0993040e+01   4.9315330e+01
   2.0988400e+01   4.9320800e+01
   2.0987900e+01   4.9326620e+01
   2.0998180e+01   4.9333350e+01
   2.1004150e+01   4.9333010e+01
   2.1009840e+01   4.9337520e+01
   2.1008330e+01   4.9342750e+01
   2.1015100e+01   4.9345750e+01
   2.1026420e+01   4.9356450e+01
   2.1033370e+01   4.9358100e+01
   2.1035080e+01   4.9360840e+01
   2.1043680e+01   4.9365000e+01
   2.1047030e+01   4.9365370e+01
   2.1053390e+01   4.9361700e+01
   2.1065820e+01   4.9364660e+01
   2.1072670e+01   4.9360610e+01
   2.1078600e+01   4.9363480e+01
   2.1091210e+01   4.9364630e+01
   2.1094130e+01   4.9365370e+01
   2.1101510e+01   4.9374200e+01
   2.1102480e+01   4.9376750e+01
   2.1093190e+01   4.9382930e+01
   2.1088470e+01   4.9383560e+01
   2.1082990e+01   4.9388410e+01
   2.1067990e+01   4.9394680e+01
   2.1066630e+01   4.9401840e+01
   2.1062800e+01   4.9420060e+01
   2.1073120e+01   4.9424380e+01
   2.1078840e+01   4.9424740e+01
   2.1095320e+01   4.9428810e+01
   2.1106950e+01   4.9424590e+01
   2.1113590e+01   4.9424160e+01
   2.1130730e+01   4.9433940e+01
   2.1153160e+01   4.9425420e+01
   2.1154160e+01   4.9421050e+01
   2.1162840e+01   4.9418250e+01
   2.1169730e+01   4.9412650e+01
   2.1178490e+01   4.9408710e+01
   2.1190870e+01   4.9400880e+01
   2.1201680e+01   4.9404290e+01
   2.1207700e+01   4.9402380e+01
   2.1212010e+01   4.9407780e+01
   2.1226680e+01   4.9417490e+01
   2.1223600e+01   4.9426040e+01
   2.1228320e+01   4.9428990e+01
   2.1232890e+01   4.9436870e+01
   2.1240380e+01   4.9433990e+01
   2.1258760e+01   4.9446270e+01
   2.1265710e+01   4.9447190e+01
   2.1267030e+01   4.9457010e+01
   2.1276010e+01   4.9460780e+01
   2.1287320e+01   4.9457280e+01
   2.1316940e+01   4.9447990e+01
   2.1338870e+01   4.9451040e+01
   2.1345580e+01   4.9450320e+01
   2.1354550e+01   4.9443840e+01
   2.1361740e+01   4.9442890e+01
   2.1368170e+01   4.9439990e+01
   2.1373550e+01   4.9432600e+01
   2.1384550e+01   4.9434940e+01
   2.1402620e+01   4.9433560e+01
   2.1409380e+01   4.9425890e+01
   2.1446340e+01   4.9412290e+01
   2.1456010e+01   4.9415890e+01
   2.1468920e+01   4.9413330e+01
   2.1479090e+01   4.9415890e+01
   2.1487020e+01   4.9428130e+01
   2.1494280e+01   4.9429040e+01
   2.1496490e+01   4.9428790e+01
   2.1514450e+01   4.9418310e+01
   2.1523680e+01   4.9419730e+01
   2.1518450e+01   4.9425160e+01
   2.1552140e+01   4.9433170e+01
   2.1557650e+01   4.9438740e+01
   2.1564180e+01   4.9441050e+01
   2.1576670e+01   4.9435550e+01
   2.1602300e+01   4.9435830e+01
   2.1616820e+01   4.9445550e+01
   2.1631270e+01   4.9447240e+01
   2.1644970e+01   4.9430820e+01
   2.1649190e+01   4.9430070e+01
   2.1656250e+01   4.9425670e+01
   2.1659450e+01   4.9417220e+01
   2.1665520e+01   4.9415530e+01
   2.1672420e+01   4.9414390e+01
   2.1681480e+01   4.9410910e+01
   2.1684960e+01   4.9411900e+01
   2.1699880e+01   4.9418980e+01
   2.1710270e+01   4.9413600e+01
   2.1721290e+01   4.9412920e+01
   2.1723370e+01   4.9411620e+01
   2.1725430e+01   4.9399760e+01
   2.1740170e+01   4.9393090e+01
   2.1758250e+01   4.9386180e+01
   2.1766670e+01   4.9368070e+01
   2.1772370e+01   4.9362920e+01
   2.1791060e+01   4.9360000e+01
   2.1788450e+01   4.9368480e+01
   2.1818190e+01   4.9384730e+01
   2.1824910e+01   4.9390430e+01
   2.1841730e+01   4.9390960e+01
   2.1849730e+01   4.9384350e+01
   2.1849340e+01   4.9377420e+01
   2.1857600e+01   4.9369820e+01
   2.1862050e+01   4.9368830e+01
   2.1872040e+01   4.9373430e+01
   2.1877340e+01   4.9373250e+01
   2.1889170e+01   4.9368230e+01
   2.1892340e+01   4.9358370e+01
   2.1903670e+01   4.9350120e+01
   2.1907400e+01   4.9352660e+01
   2.1917080e+01   4.9353640e+01
   2.1921020e+01   4.9352960e+01
   2.1930490e+01   4.9346630e+01
   2.1934690e+01   4.9345870e+01
   2.1945160e+01   4.9348280e+01
   2.1965710e+01   4.9341770e+01
   2.1975500e+01   4.9329170e+01
   2.1979230e+01   4.9316640e+01
   2.1983860e+01   4.9310000e+01
   2.2000130e+01   4.9299500e+01
   2.2005170e+01   4.9294410e+01
   2.2012590e+01   4.9288770e+01
   2.2024370e+01   4.9285180e+01
   2.2030230e+01   4.9281810e+01
   2.2035030e+01   4.9276850e+01
   2.2039250e+01   4.9244370e+01
   2.2033550e+01   4.9240930e+01
   2.2035610e+01   4.9232210e+01
   2.2030600e+01   4.9224720e+01
   2.2035380e+01   4.9221790e+01
   2.2058470e+01   4.9214310e+01
   2.2093320e+01   4.9205470e+01
   2.2099930e+01   4.9204680e+01
   2.2106540e+01   4.9203900e+01
   2.2118890e+01   4.9200630e+01
   2.2143420e+01   4.9200010e+01
   2.2143100e+01   4.9192450e+01
   2.2162420e+01   4.9186440e+01
   2.2181090e+01   4.9180710e+01
   2.2191780e+01   4.9174110e+01
   2.2205160e+01   4.9179920e+01
   2.2211650e+01   4.9185670e+01
   2.2218780e+01   4.9183730e+01
   2.2223210e+01   4.9184090e+01
   2.2230590e+01   4.9180680e+01
   2.2234390e+01   4.9166490e+01
   2.2228020e+01   4.9163660e+01
   2.2226280e+01   4.9160090e+01
   2.2226010e+01   4.9152080e+01
   2.2248130e+01   4.9152760e+01
   2.2281410e+01   4.9142430e+01
   2.2298970e+01   4.9140930e+01
   2.2306840e+01   4.9136730e+01
   2.2319790e+01   4.9135780e+01
   2.2334060e+01   4.9146140e+01
   2.2337510e+01   4.9145740e+01
   2.2362300e+01   4.9144450e+01
   2.2390030e+01   4.9127730e+01
   2.2390990e+01   4.9118660e+01
   2.2395680e+01   4.9117450e+01
   2.2403960e+01   4.9110080e+01
   2.2413390e+01   4.9102230e+01
   2.2423060e+01   4.9099270e+01
   2.2428270e+01   4.9099140e+01
   2.2435190e+01   4.9102320e+01
   2.2456990e+01   4.9103790e+01
   2.2466530e+01   4.9100700e+01
   2.2499750e+01   4.9085350e+01
   2.2508090e+01   4.9091360e+01
   2.2540280e+01   4.9094120e+01
   2.2554880e+01   4.9087470e+01
   2.2566290e+01   4.9087580e+01
   2.2564280e+01   4.9081080e+01
   2.2553840e+01   4.9078410e+01
   2.2550170e+01   4.9027450e+01
   2.2544570e+01   4.9022980e+01
   2.2537970e+01   4.9020480e+01
   2.2540340e+01   4.9013000e+01
   2.2543820e+01   4.9006620e+01
   2.2530110e+01   4.9003330e+01
   2.2520180e+01   4.8996940e+01
   2.2513860e+01   4.8997090e+01
   2.2503820e+01   4.9000150e+01
   2.2496260e+01   4.8998350e+01
   2.2489530e+01   4.8993370e+01
   2.2465720e+01   4.8972120e+01
   2.2429520e+01   4.8932780e+01
   2.2424500e+01   4.8912940e+01
   2.2422920e+01   4.8905070e+01
   2.2420320e+01   4.8884040e+01
   2.2394280e+01   4.8877000e+01
   2.2386140e+01   4.8869630e+01
   2.2381540e+01   4.8863160e+01
   2.2374810e+01   4.8834630e+01
   2.2383290e+01   4.8822530e+01
   2.2384570e+01   4.8805700e+01
   2.2385790e+01   4.8799340e+01
   2.2379580e+01   4.8796470e+01
   2.2372850e+01   4.8782940e+01
   2.2364780e+01   4.8780190e+01
   2.2357220e+01   4.8772910e+01
   2.2349820e+01   4.8771500e+01
   2.2345140e+01   4.8765590e+01
   2.2345160e+01   4.8758360e+01
   2.2342250e+01   4.8751440e+01
   2.2349170e+01   4.8749150e+01
   2.2353670e+01   4.8743110e+01
   2.2360630e+01   4.8741100e+01
   2.2361500e+01   4.8730970e+01
   2.2358940e+01   4.8726430e+01
   2.2350410e+01   4.8720590e+01
   2.2353180e+01   4.8717540e+01
   2.2344590e+01   4.8704990e+01
   2.2344560e+01   4.8698180e+01
   2.2339490e+01   4.8685140e+01
   2.2333120e+01   4.8683140e+01
   2.2320960e+01   4.8682420e+01
   2.2299780e+01   4.8673050e+01
   2.2288570e+01   4.8668620e+01
   2.2287960e+01   4.8666000e+01
   2.2281960e+01   4.8662120e+01
   2.2272500e+01   4.8657230e+01
   2.2264220e+01   4.8655140e+01
   2.2263690e+01   4.8653110e+01
   2.2250680e+01   4.8647780e+01
   2.2241140e+01   4.8628890e+01
   2.2229560e+01   4.8620610e+01
   2.2197230e+01   4.8609070e+01
   2.2189510e+01   4.8609170e+01
   2.2171950e+01   4.8588610e+01
   2.2165420e+01   4.8575800e+01
   2.2160870e+01   4.8567390e+01
   2.2156370e+01   4.8518780e+01
   2.2153150e+01   4.8513020e+01
   2.2152820e+01   4.8503010e+01
   2.2148350e+01   4.8483770e+01
   2.2139860e+01   4.8447710e+01
   2.2136940e+01   4.8425510e+01
   2.2136150e+01   4.8416630e+01
   2.2143060e+01   4.8403490e+01
   2.2153660e+01   4.8403370e+01
   2.2153960e+01   4.8399250e+01
   2.2147590e+01   4.8394700e+01
   2.2136950e+01   4.8381200e+01
   2.2126090e+01   4.8381200e+01
   2.2118950e+01   4.8378650e+01
   2.2109240e+01   4.8381330e+01
   2.2085470e+01   4.8371790e+01
   2.2081670e+01   4.8378970e+01
   2.2082720e+01   4.8381360e+01
   2.2075660e+01   4.8387000e+01
   2.2048760e+01   4.8381260e+01
   2.2042050e+01   4.8385300e+01
   2.2034530e+01   4.8386200e+01
   2.2026720e+01   4.8392670e+01
   2.2006180e+01   4.8381600e+01
   2.1997090e+01   4.8379630e+01
   2.1946050e+01   4.8374830e+01
   2.1939160e+01   4.8374040e+01
   2.1933360e+01   4.8369020e+01
   2.1926170e+01   4.8369940e+01
   2.1916720e+01   4.8362970e+01
   2.1911410e+01   4.8366410e+01
   2.1912110e+01   4.8368740e+01
   2.1901460e+01   4.8364350e+01
   2.1898420e+01   4.8362520e+01
   2.1887820e+01   4.8363010e+01
   2.1871720e+01   4.8355640e+01
   2.1863870e+01   4.8359410e+01
   2.1855380e+01   4.8365140e+01
   2.1836870e+01   4.8362690e+01
   2.1835090e+01   4.8356210e+01
   2.1836990e+01   4.8349120e+01
   2.1797520e+01   4.8341500e+01
   2.1782280e+01   4.8338490e+01
   2.1776300e+01   4.8339490e+01
   2.1762050e+01   4.8338780e+01
   2.1753890e+01   4.8345100e+01
   2.1747140e+01   4.8346210e+01
   2.1743190e+01   4.8348550e+01
   2.1722680e+01   4.8349350e+01
   2.1718160e+01   4.8354210e+01
   2.1709960e+01   4.8357600e+01
   2.1712690e+01   4.8365960e+01
   2.1704900e+01   4.8365410e+01
   2.1703380e+01   4.8377660e+01
   2.1697270e+01   4.8382280e+01
   2.1666270e+01   4.8397560e+01
   2.1664120e+01   4.8407880e+01
   2.1651780e+01   4.8435280e+01
   2.1646230e+01   4.8438730e+01
   2.1644010e+01   4.8441360e+01
   2.1639370e+01   4.8447000e+01
   2.1630460e+01   4.8459430e+01
   2.1624420e+01   4.8463090e+01
   2.1593710e+01   4.8513710e+01
   2.1586510e+01   4.8511950e+01
   2.1572420e+01   4.8505180e+01
   2.1565560e+01   4.8506120e+01
   2.1560760e+01   4.8512030e+01
   2.1554590e+01   4.8509250e+01
   2.1532030e+01   4.8517680e+01
   2.1525040e+01   4.8523700e+01
   2.1525970e+01   4.8525810e+01
   2.1521390e+01   4.8532610e+01
   2.1521730e+01   4.8535480e+01
   2.1515710e+01   4.8540010e+01
   2.1508090e+01   4.8555940e+01
   2.1500740e+01   4.8556300e+01
   2.1487670e+01   4.8559540e+01
   2.1481600e+01   4.8565540e+01
   2.1475220e+01   4.8564890e+01
   2.1458580e+01   4.8577000e+01
   2.1440430e+01   4.8585350e+01
   2.1429530e+01   4.8583550e+01
   2.1423430e+01   4.8578750e+01
   2.1421950e+01   4.8562620e+01
   2.1396020e+01   4.8563590e+01
   2.1379910e+01   4.8558340e+01
   2.1365800e+01   4.8560680e+01
   2.1332030e+01   4.8559340e+01
   2.1324390e+01   4.8551760e+01
   2.1315930e+01   4.8552300e+01
   2.1313790e+01   4.8550130e+01
   2.1320510e+01   4.8548850e+01
   2.1317870e+01   4.8539340e+01
   2.1310940e+01   4.8539390e+01
   2.1313950e+01   4.8531060e+01
   2.1305250e+01   4.8528390e+01
   2.1306170e+01   4.8521780e+01
   2.1296330e+01   4.8521750e+01
   2.1247240e+01   4.8534320e+01
   2.1239370e+01   4.8539420e+01
   2.1220980e+01   4.8537210e+01
   2.1216240e+01   4.8531490e+01
   2.1150330e+01   4.8515810e+01
   2.1138010e+01   4.8502710e+01
   2.1134650e+01   4.8495890e+01
   2.1127000e+01   4.8491980e+01
   2.1116240e+01   4.8491180e+01
   2.1103750e+01   4.8493180e+01
   2.1089340e+01   4.8517870e+01
   2.1079460e+01   4.8519050e+01
   2.1014450e+01   4.8532000e+01
   2.1003970e+01   4.8527490e+01
   2.0998490e+01   4.8527360e+01
   2.0991190e+01   4.8526810e+01
   2.0988550e+01   4.8521200e+01
   2.0981440e+01   4.8517930e+01
   2.0976390e+01   4.8524360e+01
   2.0963620e+01   4.8520130e+01
   2.0955850e+01   4.8521090e+01
   2.0955620e+01   4.8533760e+01
   2.0941750e+01   4.8542900e+01
   2.0934150e+01   4.8537910e+01
   2.0927460e+01   4.8555260e+01
   2.0921190e+01   4.8559010e+01
   2.0884300e+01   4.8552320e+01
   2.0876780e+01   4.8550640e+01
   2.0874910e+01   4.8553500e+01
   2.0867370e+01   4.8551850e+01
   2.0854100e+01   4.8566670e+01
   2.0845560e+01   4.8566040e+01
   2.0849840e+01   4.8581210e+01
   2.0837770e+01   4.8574300e+01
   2.0834960e+01   4.8576430e+01
   2.0839900e+01   4.8580410e+01
   2.0836260e+01   4.8582470e+01
   2.0815600e+01   4.8578720e+01
   2.0813840e+01   4.8576980e+01
   2.0795170e+01   4.8574850e+01
   2.0725580e+01   4.8569360e+01
   2.0713990e+01   4.8570400e+01
   2.0679240e+01   4.8559710e+01
   2.0672260e+01   4.8562350e+01
   2.0663110e+01   4.8560490e+01
   2.0652940e+01   4.8561280e+01
   2.0640240e+01   4.8555580e+01
   2.0634330e+01   4.8551380e+01
   2.0615220e+01   4.8543650e+01
   2.0605080e+01   4.8542290e+01
   2.0600280e+01   4.8543320e+01
   2.0591750e+01   4.8539300e+01
   2.0571580e+01   4.8539740e+01
   2.0556800e+01   4.8543380e+01
   2.0534970e+01   4.8527690e+01
   2.0523360e+01   4.8530740e+01
   2.0519140e+01   4.8537330e+01
   2.0505760e+01   4.8534410e+01
   2.0501720e+01   4.8519900e+01
   2.0507770e+01   4.8515960e+01
   2.0505760e+01   4.8508450e+01
   2.0503980e+01   4.8490750e+01
   2.0507380e+01   4.8489570e+01
   2.0494730e+01   4.8487680e+01
   2.0491760e+01   4.8484960e+01
   2.0488240e+01   4.8475820e+01
   2.0472660e+01   4.8465910e+01
   2.0464070e+01   4.8464220e+01
   2.0468880e+01   4.8460250e+01
   2.0469140e+01   4.8452800e+01
   2.0452300e+01   4.8449060e+01
   2.0444960e+01   4.8445170e+01
   2.0441530e+01   4.8437860e+01
   2.0434610e+01   4.8431980e+01
   2.0412990e+01   4.8388940e+01
   2.0402430e+01   4.8382950e+01
   2.0375600e+01   4.8337680e+01
   2.0369040e+01   4.8332580e+01
   2.0367070e+01   4.8317850e+01
   2.0356710e+01   4.8313050e+01
   2.0357760e+01   4.8309890e+01
   2.0347530e+01   4.8306460e+01
   2.0327320e+01   4.8288760e+01
   2.0324390e+01   4.8273100e+01
   2.0307950e+01   4.8265220e+01
   2.0289090e+01   4.8261800e+01
   2.0255460e+01   4.8275010e+01
   2.0248760e+01   4.8279680e+01
   2.0245350e+01   4.8278250e+01
   2.0238960e+01   4.8280560e+01
   2.0226830e+01   4.8277130e+01
   2.0233960e+01   4.8271630e+01
   2.0220210e+01   4.8263440e+01
   2.0213380e+01   4.8258930e+01
   2.0193530e+01   4.8248480e+01
   2.0184340e+01   4.8248160e+01
   2.0170890e+01   4.8250870e+01
   2.0152860e+01   4.8250530e+01
   2.0143200e+01   4.8255150e+01
   2.0135210e+01   4.8255280e+01
   2.0138640e+01   4.8242660e+01
   2.0132950e+01   4.8233980e+01
   2.0128330e+01   4.8222030e+01
   2.0121730e+01   4.8220620e+01
   2.0094840e+01   4.8204050e+01
   2.0088850e+01   4.8196990e+01
   2.0076670e+01   4.8196360e+01
   2.0066800e+01   4.8189550e+01
   2.0071390e+01   4.8179350e+01
   2.0061180e+01   4.8178490e+01
   2.0040780e+01   4.8173830e+01
   2.0028080e+01   4.8177800e+01
   2.0011070e+01   4.8172160e+01
   2.0002300e+01   4.8172090e+01
   1.9980430e+01   4.8166100e+01
   1.9973950e+01   4.8165740e+01
   1.9963130e+01   4.8152100e+01
   1.9952610e+01   4.8151780e+01
   1.9949530e+01   4.8146220e+01
   1.9937190e+01   4.8137590e+01
   1.9915640e+01   4.8128660e+01
   1.9907830e+01   4.8129710e+01
   1.9914340e+01   4.8146950e+01
   1.9906290e+01   4.8151100e+01
   1.9876110e+01   4.8168720e+01
   1.9868600e+01   4.8171050e+01
   1.9849820e+01   4.8171040e+01
   1.9844240e+01   4.8167300e+01
   1.9829150e+01   4.8167400e+01
   1.9822440e+01   4.8169220e+01
   1.9812620e+01   4.8163550e+01
   1.9806410e+01   4.8161380e+01
   1.9808400e+01   4.8160120e+01
   1.9806550e+01   4.8153510e+01
   1.9804100e+01   4.8154860e+01
   1.9796610e+01   4.8153520e+01
   1.9792300e+01   4.8155400e+01
   1.9782810e+01   4.8164730e+01
   1.9788950e+01   4.8173400e+01
   1.9805650e+01   4.8184150e+01
   1.9798350e+01   4.8194640e+01
   1.9786960e+01   4.8192320e+01
   1.9773080e+01   4.8204680e+01
   1.9766410e+01   4.8205670e+01
   1.9760720e+01   4.8213490e+01
   1.9751370e+01   4.8214810e+01
   1.9746160e+01   4.8216350e+01
   1.9736240e+01   4.8215520e+01
   1.9730780e+01   4.8212410e+01
   1.9726980e+01   4.8205630e+01
   1.9690830e+01   4.8206480e+01
   1.9681890e+01   4.8210750e+01
   1.9663980e+01   4.8240920e+01
   1.9657430e+01   4.8240840e+01
   1.9652050e+01   4.8237340e+01
   1.9645700e+01   4.8238750e+01
   1.9623040e+01   4.8243860e+01
   1.9608440e+01   4.8238710e+01
   1.9605930e+01   4.8236220e+01
   1.9601620e+01   4.8230590e+01
   1.9594490e+01   4.8228300e+01
   1.9577230e+01   4.8215890e+01
   1.9572820e+01   4.8216240e+01
   1.9557330e+01   4.8210800e+01
   1.9556250e+01   4.8208710e+01
   1.9546400e+01   4.8204950e+01
   1.9525920e+01   4.8201920e+01
   1.9529000e+01   4.8190850e+01
   1.9495750e+01   4.8136530e+01
   1.9493920e+01   4.8126410e+01
   1.9496010e+01   4.8122940e+01
   1.9491480e+01   4.8117080e+01
   1.9483560e+01   4.8103100e+01
   1.9488430e+01   4.8097950e+01
   1.9465930e+01   4.8091200e+01
   1.9466460e+01   4.8084600e+01
   1.9453150e+01   4.8100280e+01
   1.9441580e+01   4.8100510e+01
   1.9434480e+01   4.8096160e+01
   1.9425160e+01   4.8088980e+01
   1.9370070e+01   4.8085740e+01
   1.9354780e+01   4.8090280e+01
   1.9338500e+01   4.8088510e+01
   1.9330270e+01   4.8090430e+01
   1.9325630e+01   4.8090260e+01
   1.9315230e+01   4.8087630e+01
   1.9279600e+01   4.8072430e+01
   1.9271400e+01   4.8073050e+01
   1.9202830e+01   4.8064170e+01
   1.9193900e+01   4.8059940e+01
   1.9169170e+01   4.8066200e+01
   1.9162720e+01   4.8065860e+01
   1.9128520e+01   4.8073450e+01
   1.9117230e+01   4.8065520e+01
   1.9104750e+01   4.8066330e+01
   1.9097660e+01   4.8068040e+01
   1.9079450e+01   4.8067680e+01
   1.9071640e+01   4.8064930e+01
   1.9064600e+01   4.8063000e+01
   1.9059500e+01   4.8057170e+01
   1.8997150e+01   4.8067950e+01
   1.8989900e+01   4.8061760e+01
   1.8991370e+01   4.8057870e+01
   1.8981250e+01   4.8053130e+01
   1.8960300e+01   4.8057970e+01
   1.8932230e+01   4.8057540e+01
   1.8908560e+01   4.8051150e+01
   1.8895770e+01   4.8054300e+01
   1.8808600e+01   4.7987540e+01
   1.8800570e+01   4.7984450e+01
   1.8782650e+01   4.7985870e+01
   1.8774820e+01   4.7984230e+01
   1.8773540e+01   4.7987530e+01
   1.8765840e+01   4.7984600e+01
   1.8770110e+01   4.7951180e+01
   1.8772780e+01   4.7944570e+01
   1.8773410e+01   4.7932130e+01
   1.8763700e+01   4.7923870e+01
   1.8785630e+01   4.7866050e+01
   1.8792940e+01   4.7864540e+01
   1.8814200e+01   4.7854320e+01
   1.8821560e+01   4.7849810e+01
   1.8822090e+01   4.7841270e+01
   1.8829080e+01   4.7833010e+01
   1.8854850e+01   4.7825240e+01
   1.8849330e+01   4.7821880e+01
   1.8828330e+01   4.7818210e+01
   1.8817800e+01   4.7817790e+01
   1.8798640e+01   4.7822470e+01
   1.8785140e+01   4.7822380e+01
   1.8762470e+01   4.7816710e+01
   1.8745790e+01   4.7815070e+01
   1.8725270e+01   4.7789910e+01
   1.8715250e+01   4.7783840e+01
   1.8705440e+01   4.7781650e+01
   1.8688670e+01   4.7771570e+01
   1.8680400e+01   4.7767620e+01
   1.8663360e+01   4.7762940e+01
   1.8643860e+01   4.7758710e+01
   1.8629660e+01   4.7759120e+01
   1.8617340e+01   4.7757580e+01
   1.8604260e+01   4.7759010e+01
   1.8575740e+01   4.7764520e+01
   1.8554830e+01   4.7766200e+01
   1.8538470e+01   4.7764390e+01
   1.8525430e+01   4.7757850e+01
   1.8512850e+01   4.7755270e+01
   1.8502070e+01   4.7753400e+01
   1.8488750e+01   4.7753160e+01
   1.8474050e+01   4.7761110e+01
   1.8452310e+01   4.7764810e+01
   1.8430280e+01   4.7755090e+01
   1.8393680e+01   4.7750460e+01
   1.8370290e+01   4.7743770e+01
   1.8357840e+01   4.7742600e+01
   1.8337470e+01   4.7737870e+01
   1.8330470e+01   4.7736810e+01
   1.8291070e+01   4.7731090e+01
   1.8284360e+01   4.7731390e+01
   1.8266650e+01   4.7737270e+01
   1.8256530e+01   4.7738720e+01
   1.8217800e+01   4.7742200e+01
   1.8190600e+01   4.7739740e+01
   1.8173470e+01   4.7741200e+01
   1.8156260e+01   4.7746120e+01
   1.8135500e+01   4.7749790e+01
   1.8107650e+01   4.7752020e+01
   1.8088850e+01   4.7756140e+01
   1.8053190e+01   4.7756170e+01
   1.8034500e+01   4.7757680e+01
   1.8018340e+01   4.7751740e+01
   1.8006820e+01   4.7746880e+01
   1.7997660e+01   4.7746940e+01
   1.7978960e+01   4.7756340e+01
   1.7969120e+01   4.7757390e+01
   1.7945720e+01   4.7744390e+01
   1.7919110e+01   4.7744260e+01
   1.7911490e+01   4.7742810e+01
   1.7902930e+01   4.7739960e+01
   1.7888180e+01   4.7739440e+01
   1.7871020e+01   4.7745490e+01
   1.7862380e+01   4.7746390e+01
   1.7857370e+01   4.7746120e+01
   1.7849720e+01   4.7742310e+01
   1.7837700e+01   4.7740720e+01
   1.7826720e+01   4.7742690e+01
   1.7807220e+01   4.7742670e+01
   1.7782310e+01   4.7739590e+01
   1.7763880e+01   4.7748710e+01
   1.7751110e+01   4.7748680e+01
   1.7689490e+01   4.7772950e+01
   1.7684340e+01   4.7777910e+01
   1.7671880e+01   4.7783640e+01
   1.7664860e+01   4.7786860e+01
   1.7657020e+01   4.7790200e+01
   1.7646660e+01   4.7794610e+01
   1.7630880e+01   4.7803380e+01
   1.7610810e+01   4.7821610e+01
   1.7590210e+01   4.7820970e+01
   1.7573740e+01   4.7814320e+01
   1.7568600e+01   4.7814740e+01
   1.7561960e+01   4.7819930e+01
   1.7555300e+01   4.7828420e+01
   1.7550240e+01   4.7832400e+01
   1.7544570e+01   4.7842900e+01
   1.7544750e+01   4.7850520e+01
   1.7501200e+01   4.7866730e+01
   1.7480660e+01   4.7877140e+01
   1.7474040e+01   4.7878750e+01
   1.7458410e+01   4.7882700e+01
   1.7452470e+01   4.7887500e+01
   1.7449650e+01   4.7893910e+01
   1.7438600e+01   4.7907570e+01
   1.7435280e+01   4.7917360e+01
   1.7432120e+01   4.7920980e+01
   1.7422870e+01   4.7929000e+01
   1.7413370e+01   4.7933590e+01
   1.7402570e+01   4.7948100e+01
   1.7378120e+01   4.7957320e+01
   1.7372510e+01   4.7961990e+01
   1.7368340e+01   4.7966260e+01
   1.7346830e+01   4.7982440e+01
   1.7323770e+01   4.7995740e+01
   1.7308380e+01   4.7996430e+01
   1.7284420e+01   4.7994480e+01
   1.7273860e+01   4.7995190e+01
   1.7247530e+01   4.8012420e+01
   1.7245860e+01   4.8019040e+01
   1.7213800e+01   4.8019290e+01
   1.7200460e+01   4.8019950e+01
   1.7199730e+01   4.8018340e+01
   1.7191690e+01   4.8017820e+01
   1.7172170e+01   4.8011520e+01
   1.7161350e+01   4.8006880e+01
   1.7149540e+01   4.8014810e+01
   1.7145030e+01   4.8020020e+01
   1.7127540e+01   4.8020980e+01
   1.7110760e+01   4.8031620e+01
   1.7077140e+01   4.8027440e+01
   1.7068370e+01   4.8031670e+01
   1.7068840e+01   4.8055360e+01
